name	elv_m	N14_atoms_g	delN14_atoms_g	extraction_lab	t_LSDn	dNnorm_ext_LSDn
J2018-R006	47	6100	400	Korea University	340	27
14-HAT-033-DH	279.9	10800	4430	Tulane	473	190
10-MPS-035-CSP	256.0710482	23510	1107	Tulane	1082	70
10-LAR-033-DRY	101	31100	1450	Tulane	1747	108
14-HAT-032-DH	279.9	31300	13100	Tulane	1441	557
J2018-R001	48	36600	1800	Korea University	2229	137
CF_60_08	268	39810	1525	Tulane	1931	108
NBP2002-SIF-01	1	55840	1296	Tulane	3969	174
JJ2015-CIN-112	179	60280	1332	Tulane	3376	152
JJ2015-KAY-105	149.831999	61670	4206	Tulane	3655	250
JJ2011-P11-14-1	510	68500	1366	Tulane	2891	131
JJ2015-TUR-117	451	70300	1410	Tulane	3030	137
14-TUG-033-CCR	78.9	72230	5941	Tulane	5089	366
J2018-R004	46	72400	2100	Korea University	5425	230
JJ2015-KAY-109	170.414999	73040	4761	Tulane	4460	283
19-KP-001-BR	140	74510	7442	Tulane	5060	423
19-KP-010-BR	248	77348.40043	1502.523348	Tulane	4457	185
10-LAR-034-DRY	133	77840	1959	Tulane	5337	220
10-LAR-018-SJO	116	77900	1790	Tulane	5506	221
10-BDM-057-HOP	369	79900	1466	Tulane	4053	171
CF_184_08	239	79920	2098	Tulane	4750	204
J2018-F010	92	82700	6300	Korea University	6171	396
19-KP-007-BR	209	82784.14285	1503.103264	Tulane	5155	204
JJ2015-KAY-107	160.011999	83260	4870	Tulane	5493	309
10-BDM-050-HOP	292	83620	1500	Tulane	4693	190
10-LAR-024-SJO	39	84000	1840	Tulane	6927	256
10-LAR-034-DRY	133	87850	2952	Tulane	5337	220
10-MPS-031-CSP	256.0710482	88264	2958	Tulane	5477	241
10-LAR-035-DRY	159	88730	2144	Tulane	6208	242
14-TUG-034-CCR	109.6	90130	6632	Tulane	6736	410
14-AVG-001-RDF	125.9	91180	1420	Tulane	7815	410
10-LAR-022-SJO	74	92200	1910	Tulane	7370	264
JJ2015-CIN-108	181	93270	1740	Tulane	6149	231
JJ2015-KAY-111	153.645999	93510	4418	Tulane	6493	309
10-LAR-018-SJO	116	93610	2924	Tulane	5506	221
JJ2015-KAY-110	161.362999	94470	4772	Tulane	6503	320
J2018-F009	92	96100	5100	Korea University	7796	368
JJ2015-TUR-123	639	98400	1900	Tulane	3796	163
14-BTN-002-MZS	125.3	98490	1505	Tulane	7663	261
01-MBL-168-GAP	263	99230	4861	Tulane	6404	312
14-AVG-001-RDF	125.9	99840	6383	Tulane	7815	410
10-MPS-024-CSP	353.5579469	101000	1785	Tulane	5758	220
19-KP-003-BR	151	101208.6861	1920.258161	Tulane	7845	271
14-AVG-002-RDF	115.5	101500	6394	Tulane	8426	425
19-KP-009-BR	236	102622.6636	1842.236084	Tulane	6996	251
14-BTN-003-MZS	125.3	103100	1944	Tulane	8077	275
19-KP-008-BR	223	103600	1852	Tulane	7245	256
10-LAR-022-SJO	74	103700	3023	Tulane	7370	264
JJ2015-NOT-103	851.699999	105000	1690	Tulane	3264	142
19-KP-012-BR	338	105200	7378	Tulane	6261	378
14-BTN-001-MZS	125.3	106500	1597	Tulane	8439	276
10-LAR-035-DRY	159	107900	2999	Tulane	6208	242
99-MBL-020-MGM	818	108000	1680	Tulane	3658	155
10-LAR-024-SJO	39	108300	3049	Tulane	6927	256
14-TUG-010-SKB	181.2	109600	1758	Tulane	8239	274
JJ2015-KAY-103	301.818999	109800	4694	Tulane	6739	303
14-TUG-026-SKF	70.3	114100	1689	Tulane	10651	312
14-TUG-024-SKF	141.6	115000	1700	Tulane	9489	294
14-AVG-005-RDF	184.6	117100	7001	Tulane	9591	442
14-AVG-003-RDF	200.3	120200	7275	Tulane	9701	448
14-TUG-035-CCR	131.6	120600	7935	Tulane	10574	493
JJ2015-CIN-102	239	122800	2261	Tulane	8753	288
14-TUG-025-SKF	96.1	123900	1804	Tulane	12189	332
10-BDM-085-HOP	498	124400	3244	Tulane	6349	250
19-KP-011-BR	281	124777.5	2272.3	Tulane	8901	290
14-TUG-036-CCR	180.1	126000	1832	Tulane	15905	554
10-MPS-022-CSP	352.3869331	127800	2081	Tulane	8370	277
14-HAT-035-DH	813	128625.4843	2415.678993	Tulane	4611	189
19-KP-006-BR	181	130159.1698	2279.791997	Tulane	11617	331
14-TUG-013-SKF	64.4	131600	1898	Tulane	14886	359
14-AVG-004-RDF-A	242.6	133700	7878	Tulane	11326	477
14-AVG-004-RDF-B	242.6	134200	7873	Tulane	11085	471
14-TUG-036-CCR	180.1	134800	2298	Tulane	15905	554
14-TUG-014-SKF	64.1	136900	1960	Tulane	17181	376
J2018-F008	126	137000	4600	Korea University	15906	425
JJ2015-TUR-132	446	139000	2400	Tulane	7839	268
14-TUG-011-SKB	326.4	139300	2105	Tulane	10254	307
14-TUG-020-SKF	164.9	140500	2002	Tulane	13954	350
99-MBL-031-MGM	965	144100	25770	Tulane	6615	236
14-TUG-021-SKF	143.3	144600	2811	Tulane	17301	389
10-MPS-039-NNS	550.5810185	149000	2488	Tulane	0	126
J2018-F014	118	149200	4400	Korea University	22456	448
14-TUG-036-CCR	180.1	149400	9039	Tulane	15905	554
14-TUG-038-CCR	298.5	150000	2150	Tulane	15012	538
JJ2011-P11-13-3	710	150800	2493	Tulane	6714	242
JJ2015-NOT-107	884.842999	151000	2560	Tulane	5110	201
14-TUG-037-CCR	274.6	152300	9137	Tulane	13711	523
CF_44_08	474	152500	2528	Tulane	9250	293
10-MPS-043-NNS	416.9390688	153600	2519	Tulane	10421	312
14-TUG-022-SKF	173	155000	2892	Tulane	20153	403
JJ2011-P11-12-1	800	155100	2537	Tulane	5993	224
JS2017-UW-03	428	155798.8745	7536.8245	Tulane	9940	402
CF_143_08	308	155900	2545	Tulane	13262	347
14-TUG-019-SKF	158	157700	2949	Tulane	20962	406
14-TUG-038-CCR	298.5	161100	9574	Tulane	15012	538
JJ2011-P11-13-6	795	164400	2637	Tulane	6712	241
99-MBL-020-MGM	818	169100	3511	Tulane	3658	155
14-TUG-038-CCR	298.5	170300	2575	Tulane	15012	538
CF_104_08	380	170400	2720	Tulane	14114	355
J2018-F013	96	171600	6500	Korea University	0	341
JJ2011-P11-13-5	768	173200	3077	Tulane	7349	258
14-TUG-038-CCR	298.5	174400	2427	Tulane	15012	538
FM-NMas-23-6	642	175000	17000	SUERC	10930	662
CF_108_08	339	176200	2775	Tulane	17692	382
JJ2011-P11-12-2	830	176700	2785	Tulane	7178	252
JJ2011-P11-12-6	875	177400	3398	Tulane	6629	244
JS2010-R9-7-2	477	177421	8283	LDEO	13169	451
10-MPS-013-NNS	719.2070054	178200	3399	Tulane	33388	422
01-MBL-079-MCG	926	180000	2510	Tulane	6445	232
14-TUG-023-SKF	153.1	180800	2493	Tulane	0	123
10-BDM-067-HOP	619	181000	2610	Tulane	10489	309
10-MPS-038-NNS	550.5810185	184600	2859	Tulane	12037	332
01-MBL-144-REA	685	184800	5251	Tulane	9706	328
A2020-UTSTE-3	1333	185682	3332	ETH	4242	176
CF_36_08	576	189400	2926	Tulane	11929	330
FM-NMas-20-7	635	190000	19000	SUERC	11442	693
CF_147_08	284	191800	3054	Tulane	0	132
14-HAT-039-DH	1135	192000	6730	Tulane	5429	243
SB2019-LD-19-C2	25.7	192023.2353	4259.106409	Tulane	0	231
CF_120_08	808	193000	3599	Tulane	8367	281
A2020-UTSTE-1	1336	198185	3794	ETH	4599	189
JS2010-R9-7-1	478	199797	8274	LDEO	20621	492
CF_119_08	825	200100	3061	Tulane	8822	284
JJ2015-TUR-138	563	203444	8386	LDEO	13996	437
14-TUG-041-SKB	389.6	204700	3108	Tulane	35961	426
14-TUG-040-SKB	516.9	206300	3118	Tulane	17609	380
10-MPS-013-NNS	719.2070054	208300	2834	Tulane	33388	422
10-MPS-046-NNS	499.3491648	209900	2854	Tulane	0	490
01-MBL-078-MCG	1061	216000	2940	Tulane	7101	247
10-BDM-063-HOP	754	217200	3175	Tulane	11354	322
11-ATH-201-WAR	865.9684072	221600	3186	Tulane	10095	303
10-MPS-012-NNS	725.6475813	225600	3426	Tulane	13354	346
10-MPS-046-NNS	499.3491648	230300	3895	Tulane	0	490
A2020-UTSTE-2	1334	230956	3989	ETH	5768	220
14-TUG-039-SKB	557.5	234900	3457	Tulane	38061	427
10-MPS-008-NNS	713.1567675	235600	3458	Tulane	0	308
10-MPS-006-COU	922.8170296	236400	3957	Tulane	0	300
10-MPS-046-NNS	499.3491648	237500	3487	Tulane	0	490
SB2019-ED2-19-2C1	19.1	241925.0012	4625.251428	Tulane	0	252
14-HAT-006-DH	593	249000	7090	Tulane	37811	471
B2016-007C-BR	65	251000	87000	Cologne	0	4551
10-MPS-039-NNS	550.5810185	252300	3674	Tulane	0	126
99-MBL-010-MGM	990	253000	3390	Tulane	10684	310
01-MBL-148-REA	616	253200	5749	Tulane	0	189
01-MBL-077-MCG	1137	255000	3650	Tulane	8364	274
10-MPS-006-COU	922.8170296	262400	3509	Tulane	0	300
10-MPS-015-CSP	945.0662918	263100	3801	Tulane	12345	334
10-BDM-059-HOP	825	269400	3779	Tulane	16497	371
10-MPS-013-NNS	719.2070054	275500	3917	Tulane	33388	422
F2014-UG-16	938	276000	14100	ETH	14562	489
01-MBL-132-BBD	791	280300	3996	Tulane	24085	406
10-LAR-023-SJO	39	280600	4249	Tulane	0	233
10-MPS-016-CSP	948.2865797	282800	4046	Tulane	16326	370
10-MPS-051-NVO	1034.356094	289600	4564	Tulane	12160	334
01-MBL-131-BBD	789	314400	4405	Tulane	0	126
10-MPS-006-COU	922.8170296	323900	4550	Tulane	0	300
14-HAT-036-DH	1287	324000	12500	Tulane	11088	386
01-MBL-014-ATW	1087	327000	4830	Tulane	17471	379
10-MPS-008-NNS	713.1567675	330509	10297	PRIME line 1	0	308
99-MBL-010-MGM	990	331400	5251	Tulane	10684	310
13-HAT-119-DAN	1485.1	344600	5352	Tulane	8943	286
CF_160_08	893	353200	5036	Tulane	0	129
FLO-18-CJF	1327	366000	3920	ETH	13636	341
01-MBL-056-DAR	1077	389400	5323	Tulane	0	117
A2020-KETEL-5	1401	394111	3842	ETH	13585	340
FM-Dun-11-2	1230	399000	40000	SUERC	24143	876
FLO-19-CJF	1336	400000	4340	ETH	17332	371
01-MBL-003-VVB	1132	400400	5467	Tulane	0	114
01-MBL-003-VVB	1132	401700	5882	Tulane	0	114
04-DW-043-BR	1896	432700	6818	Tulane	7596	260
04-DW-047-BR	1883	438500	7373	Tulane	0	218
JS2017-MK-21	1738.9	442000	8920	Tulane	9635	307
04-DW-046-ERR	1896	455000	7495	Tulane	7909	268
JS2017-MK-19	1753.5	464000	9500	Tulane	10628	323
10-MPS-046-NNS	499.3491648	469036	13153	PRIME line 1	0	490
JS2017-MK-20	1744.8	475000	9600	Tulane	11226	331
JS2017-MK-16	1764.8	477100	9797	Tulane	12240	345
JS2017-MK-15	1787.4	508700	9877	Tulane	14616	368
10-MPS-006-COU	922.8170296	516503	11984	PRIME line 1	0	300
A2020-KETEL-6	1394	531616	4332	ETH	0	74
A2020-DRY-3	1594	535187	6109	ETH	22224	395
15-ROB-036-ARM	2304	590500	8356	Tulane	7866	264
SB2019-ED2-19-2C2	19.1	601186.4644	10157.12965	Tulane	0	556
A2020-DRY-2	1607	603401	5141	ETH	0	75
A2020-KETEL-1	1395	673206	5066	ETH	0	86
A2020-KETEL-2	1401	690987	5151	ETH	0	87
13-NTK-037-WHT	2265.4	732700	9756	Tulane	12518	334
13-NTK-036-WHT	2245.7	769000	10200	Tulane	14682	355
L2010-GR07	1921	806000	12000	Tulane	0	138
13-NTK-038-WHT	2367.6	838000	11000	Tulane	15090	358
SB2019-LD-19-C1	26.3	838871.2758	13131.84523	Tulane	0	710
04-DW-040-BR	1948	852600	11190	Tulane	0	123
13-NTK-041-WHT	2470.7	875600	11560	Tulane	13419	343
13-NTK-042-WHT	2530.4	881000	11870	Tulane	12639	335
04-DW-035-BR	2032	933300	12300	Tulane	0	127
15-ROB-039-ARM	2308	966600	12680	Tulane	0	109
13-NTK-039-WHT	2422	1040000	13600	Tulane	40974	424
04-DW-033-BR	2083	1051000	14130	Tulane	0	141
13-NTK-040-WHT	2446.4	1140000	14900	Tulane	0	115
13-NTK-043-WHT	2626.5	1160000	15080	Tulane	30142	416
13-NTK-044-WHT	2765.3	1180000	15470	Tulane	18940	384
15-ROB-034-COL	2361	1210000	15780	Tulane	0	129
PRR-44832	2696	1306000	16830	Tulane	0	109
13-NTK-045-WHT	2729.3	1355000	17570	Tulane	0	113
04-DW-047-BR	1883	1437000	18500	Tulane	0	218