% Sample Name, Age calculated using EXPAGE with PR=13.38±1.31, Age calculated using the Balco online calculator with a production rate calibrated using CRONUS-A, Age calculated using EXPAGE with PR=11.21±1.31, Age in ICE-D, age in publication
sample	EXPAGEage1338	EXPAGEextunc1338	OECage	OECextunc	EXPAGEage1121	EXPAGEextunc1121	ICEDage	ICEDextunc	Pubage Pubunc Pubsource
JS2010-R9-7-1	13331	3548	12939	3146	21950	13692	20621	5966	13199	1352	Johnson2017
JS2010-R9-7-2	9738	2023	9559	1852	13508	4314	13169	2216	9593	850	Johnson2017
JJ2015-KAY-101	4913	727	4880	681	6054	1123	6006	599	5880	200	Johnson2020
JJ2015-KAY-103	5459	828	5435	777	6780	1311	6739	685	6650	470	Johnson2020
JJ2015-KAY-105	3054	441	3038	419	3680	628	3655	389	3670	330	Johnson2020
JJ2015-KAY-107	4530	689	4493	649	5547	1035	5493	600	5500	480	Johnson2020
JJ2015-KAY-108	6636	1096	6553	1017	8353	1810	8222	940	7950	640	Johnson2020
JJ2015-KAY-109	3684	547	3663	518	4487	798	4460	486	4330	380	Johnson2020
JJ2015-KAY-110	5308	822	5275	772	6557	1277	6503	703	6550	530	Johnson2020
JJ2015-KAY-111	5305	810	5268	760	6551	1263	6493	679	6560	510	Johnson2020
19-KP-001-BR	4210	769	4154	731	5139	1097	5060	780			Balco2023
19-KP-003-BR	6394	965	6291	882	8002	1603	7845	700			Balco2023
19-KP-006-BR	8871	1588	8718	1443	11892	3155	11617	1348			Balco2023
19-KP-007-BR	4252	555	4217	514	5204	859	5155	381			Balco2023
19-KP-008-BR	5908	860	5827	790	7363	1408	7245	615			Balco2023
19-KP-009-BR	5711	821	5635	754	7108	1335	6996	585			Balco2023
19-KP-010-BR	3686	464	3658	431	4495	709	4457	317			Balco2023
19-KP-011-BR	7092	1121	7001	1029	9056	1953	8901	851			Balco2023
19-KP-012-BR	5133	858	5081	810	6339	1302	6261	807			Balco2023
JJ2015-CIN-102	7107	1125	7043	1039	9076	1960	8965	862			Balco2023
JJ2015-CIN-108	5147	713	5107	661	6344	1132	6282	502			Balco2023
JJ2015-CIN-112	2872	345	2857	322	3450	510	3429	232			Balco2023
JJ2015-NOT-103	2780	328	2775	307	3361	490	3352	217
JJ2015-NOT-104	3371	414	3357	386	4131	633	4117	281
JJ2015-NOT-107	4228	549	4229	515	5220	861	5224	385
JJ2015-TUR-117	2593	305	2584	285	3108	448	3094	202
JJ2015-TUR-132	6351	952	6328	887	7989	1595	7954	707
JJ2015-TUR-123	3184	388	3178	363	3873	586	3864	264
JJ2015-TUR-138	10473	2248	10355	2077	14933	5244	14696	2634	9890	870	Johnson2020