% Time relativve to present, solar insolation in W/m^2
 -25.000     466.279869
     -24.900     466.120914
     -24.800     465.976997
     -24.700     465.848284
     -24.600     465.734865
     -24.500     465.636767
     -24.400     465.553963
     -24.300     465.486386
     -24.200     465.433937
     -24.100     465.396504
     -24.000     465.373972
     -23.900     465.364411
     -23.800     465.369735
     -23.700     465.390019
     -23.600     465.425354
     -23.500     465.475842
     -23.400     465.541598
     -23.300     465.622745
     -23.200     465.719416
     -23.100     465.831750
     -23.000     465.959888
     -22.900     466.104049
     -22.800     466.264284
     -22.700     466.440728
     -22.600     466.633515
     -22.500     466.842771
     -22.400     467.068612
     -22.300     467.311144
     -22.200     467.570454
     -22.100     467.846614
     -22.000     468.139677
     -21.900     468.449642
     -21.800     468.776513
     -21.700     469.120281
     -21.600     469.480919
     -21.500     469.858382
     -21.400     470.252599
     -21.300     470.663478
     -21.200     471.090900
     -21.100     471.534717
     -21.000     471.994747
     -20.900     472.472269
     -20.800     472.965479
     -20.700     473.473958
     -20.600     473.997250
     -20.500     474.534874
     -20.400     475.086333
     -20.300     475.651127
     -20.200     476.228758
     -20.100     476.818750
     -20.000     477.420651
     -19.900     478.031247
     -19.800     478.653196
     -19.700     479.286413
     -19.600     479.930841
     -19.500     480.586443
     -19.400     481.253183
     -19.300     481.931020
     -19.200     482.619886
     -19.100     483.319681
     -19.000     484.030253
     -18.900     484.753770
     -18.800     485.487279
     -18.700     486.230256
     -18.600     486.982140
     -18.500     487.742343
     -18.400     488.510259
     -18.300     489.285268
     -18.200     490.066746
     -18.100     490.854075
     -18.000     491.646639
     -17.900     492.443538
     -17.800     493.244676
     -17.700     494.049467
     -17.600     494.857306
     -17.500     495.667574
     -17.400     496.479637
     -17.300     497.292853
     -17.200     498.106576
     -17.100     498.920162
     -17.000     499.732976
     -16.900     500.542762
     -16.800     501.350585
     -16.700     502.156037
     -16.600     502.958748
     -16.500     503.758377
     -16.400     504.554604
     -16.300     505.347123
     -16.200     506.135630
     -16.100     506.919813
     -16.000     507.699344
     -15.900     508.475648
     -15.800     509.246411
     -15.700     510.011058
     -15.600     510.768985
     -15.500     511.519562
     -15.400     512.262139
     -15.300     512.996056
     -15.200     513.720642
     -15.100     514.435228
     -15.000     515.139148
     -14.900     515.831447
     -14.800     516.511859
     -14.700     517.179776
     -14.600     517.834606
     -14.500     518.475771
     -14.400     519.102717
     -14.300     519.714917
     -14.200     520.311869
     -14.100     520.893103
     -14.000     521.458186
     -13.900     522.005747
     -13.800     522.536486
     -13.700     523.050159
     -13.600     523.546544
     -13.500     524.025439
     -13.400     524.486652
     -13.300     524.929999
     -13.200     525.355295
     -13.100     525.762357
     -13.000     526.150995
     -12.900     526.521363
     -12.800     526.872765
     -12.700     527.204987
     -12.600     527.517837
     -12.500     527.811148
     -12.400     528.084774
     -12.300     528.338591
     -12.200     528.572493
     -12.100     528.786387
     -12.000     528.980188
     -11.900     529.155864
     -11.800     529.311283
     -11.700     529.446131
     -11.600     529.560064
     -11.500     529.652710
     -11.400     529.723684
     -11.300     529.772603
     -11.200     529.799103
     -11.100     529.802855
     -11.000     529.783585
     -10.900     529.736793
     -10.800     529.666863
     -10.700     529.574185
     -10.600     529.459262
     -10.500     529.322695
     -10.400     529.165164
     -10.300     528.987404
     -10.200     528.790183
     -10.100     528.574277
     -10.000     528.340437
      -9.900     528.093676
      -9.800     527.830037
      -9.700     527.549695
      -9.600     527.252746
      -9.500     526.939217
      -9.400     526.609082
      -9.300     526.262274
      -9.200     525.898705
      -9.100     525.518284
      -9.000     525.120938
      -8.900     524.704789
      -8.800     524.271852
      -8.700     523.822364
      -8.600     523.356627
      -8.500     522.875004
      -8.400     522.377925
      -8.300     521.865879
      -8.200     521.339413
      -8.100     520.799127
      -8.000     520.245668
      -7.900     519.678724
      -7.800     519.100119
      -7.700     518.510664
      -7.600     517.911171
      -7.500     517.302444
      -7.400     516.685264
      -7.300     516.060380
      -7.200     515.428505
      -7.100     514.790303
      -7.000     514.146390
      -6.900     513.498991
      -6.800     512.846660
      -6.700     512.189763
      -6.600     511.528663
      -6.500     510.863733
      -6.400     510.195356
      -6.300     509.523937
      -6.200     508.849906
      -6.100     508.173719
      -6.000     507.495856
      -5.900     506.817096
      -5.800     506.137917
      -5.700     505.458782
      -5.600     504.780127
      -5.500     504.102365
      -5.400     503.425883
      -5.300     502.751054
      -5.200     502.078241
      -5.100     501.407809
      -5.000     500.740129
      -4.900     500.072772
      -4.800     499.409034
      -4.700     498.749646
      -4.600     498.095387
      -4.500     497.447069
      -4.400     496.805522
      -4.300     496.171577
      -4.200     495.546048
      -4.100     494.929714
      -4.000     494.323301
      -3.900     493.731050
      -3.800     493.149684
      -3.700     492.579393
      -3.600     492.020294
      -3.500     491.472451
      -3.400     490.935886
      -3.300     490.410593
      -3.200     489.896550
      -3.100     489.393737
      -3.000     488.902144
      -2.900     488.419887
      -2.800     487.949139
      -2.700     487.490121
      -2.600     487.043067
      -2.500     486.608225
      -2.400     486.185851
      -2.300     485.776208
      -2.200     485.379564
      -2.100     484.996186
      -2.000     484.626343
      -1.900     484.269614
      -1.800     483.926949
      -1.700     483.598675
      -1.600     483.285113
      -1.500     482.986566
      -1.400     482.703319
      -1.300     482.435622
      -1.200     482.183691
      -1.100     481.947695
      -1.000     481.727752
      -0.900     481.525855
      -0.800     481.339875
      -0.700     481.169607
      -0.600     481.014806
      -0.500     480.875203
      -0.400     480.750510
      -0.300     480.640431
      -0.200     480.544666
      -0.100     480.462920
       0.000     480.394908