% Time in age before the year 2000, solar insolation in W/m^2
   -25.000     492.491079
     -24.900     493.002989
     -24.800     493.507041
     -24.700     494.002961
     -24.600     494.490556
     -24.500     494.969703
     -24.400     495.440340
     -24.300     495.902448
     -24.200     496.356037
     -24.100     496.801133
     -24.000     497.237763
     -23.900     497.668134
     -23.800     498.089829
     -23.700     498.502633
     -23.600     498.906311
     -23.500     499.300608
     -23.400     499.685252
     -23.300     500.059956
     -23.200     500.424421
     -23.100     500.778337
     -23.000     501.121387
     -22.900     501.453157
     -22.800     501.773440
     -22.700     502.081922
     -22.600     502.378293
     -22.500     502.662250
     -22.400     502.933503
     -22.300     503.191776
     -22.200     503.436812
     -22.100     503.668376
     -22.000     503.886256
     -21.900     504.090167
     -21.800     504.280101
     -21.700     504.455936
     -21.600     504.617571
     -21.500     504.764932
     -21.400     504.897970
     -21.300     505.016664
     -21.200     505.121023
     -21.100     505.211086
     -21.000     505.286929
     -20.900     505.347135
     -20.800     505.393439
     -20.700     505.426162
     -20.600     505.445658
     -20.500     505.452305
     -20.400     505.446495
     -20.300     505.428620
     -20.200     505.399063
     -20.100     505.358185
     -20.000     505.306312
     -19.900     505.246854
     -19.800     505.176665
     -19.700     505.095666
     -19.600     505.003747
     -19.500     504.900779
     -19.400     504.786630
     -19.300     504.661183
     -19.200     504.524346
     -19.100     504.376071
     -19.000     504.216367
     -18.900     504.042465
     -18.800     503.857707
     -18.700     503.662539
     -18.600     503.457448
     -18.500     503.242952
     -18.400     503.019591
     -18.300     502.787917
     -18.200     502.548483
     -18.100     502.301835
     -18.000     502.048508
     -17.900     501.789715
     -17.800     501.525024
     -17.700     501.254892
     -17.600     500.979782
     -17.500     500.700170
     -17.400     500.416540
     -17.300     500.129380
     -17.200     499.839180
     -17.100     499.546427
     -17.000     499.251595
     -16.900     498.956565
     -16.800     498.660351
     -16.700     498.363223
     -16.600     498.065421
     -16.500     497.767158
     -16.400     497.468624
     -16.300     497.170005
     -16.200     496.871481
     -16.100     496.573243
     -16.000     496.275502
     -15.900     495.976774
     -15.800     495.679194
     -15.700     495.383214
     -15.600     495.089315
     -15.500     494.798000
     -15.400     494.509789
     -15.300     494.225216
     -15.200     493.944819
     -15.100     493.669136
     -15.000     493.398698
     -14.900     493.134357
     -14.800     492.876209
     -14.700     492.624720
     -14.600     492.380343
     -14.500     492.143511
     -14.400     491.914640
     -14.300     491.694117
     -14.200     491.482306
     -14.100     491.279538
     -14.000     491.086116
     -13.900     490.903276
     -13.800     490.730192
     -13.700     490.566986
     -13.600     490.413762
     -13.500     490.270609
     -13.400     490.137610
     -13.300     490.014847
     -13.200     489.902406
     -13.100     489.800379
     -13.000     489.708870
     -12.900     489.627456
     -12.800     489.556957
     -12.700     489.497531
     -12.600     489.449321
     -12.500     489.412449
     -12.400     489.387019
     -12.300     489.373115
     -12.200     489.370804
     -12.100     489.380140
     -12.000     489.401168
     -11.900     489.432310
     -11.800     489.475194
     -11.700     489.530050
     -11.600     489.597138
     -11.500     489.676745
     -11.400     489.769172
     -11.300     489.874724
     -11.200     489.993694
     -11.100     490.126349
     -11.000     490.272908
     -10.900     490.437305
     -10.800     490.615700
     -10.700     490.807736
     -10.600     491.012958
     -10.500     491.230825
     -10.400     491.460725
     -10.300     491.701997
     -10.200     491.953954
     -10.100     492.215904
     -10.000     492.487175
      -9.900     492.763190
      -9.800     493.047598
      -9.700     493.340266
      -9.600     493.641138
      -9.500     493.950225
      -9.400     494.267589
      -9.300     494.593333
      -9.200     494.927579
      -9.100     495.270456
      -9.000     495.622077
      -8.900     495.984313
      -8.800     496.355251
      -8.700     496.734708
      -8.600     497.122441
      -8.500     497.518147
      -8.400     497.921465
      -8.300     498.331976
      -8.200     498.749208
      -8.100     499.172640
      -8.000     499.601709
      -7.900     500.036672
      -7.800     500.475952
      -7.700     500.918841
      -7.600     501.364631
      -7.500     501.812625
      -7.400     502.262148
      -7.300     502.712553
      -7.200     503.163234
      -7.100     503.613625
      -7.000     504.063210
      -6.900     504.509994
      -6.800     504.955367
      -6.700     505.399047
      -6.600     505.840751
      -6.500     506.280188
      -6.400     506.717053
      -6.300     507.151019
      -6.200     507.581737
      -6.100     508.008828
      -6.000     508.431889
      -5.900     508.850127
      -5.800     509.263242
      -5.700     509.670851
      -5.600     510.072602
      -5.500     510.468167
      -5.400     510.857238
      -5.300     511.239524
      -5.200     511.614743
      -5.100     511.982609
      -5.000     512.342826
      -4.900     512.698060
      -4.800     513.044923
      -4.700     513.382739
      -4.600     513.710785
      -4.500     514.028300
      -4.400     514.334504
      -4.300     514.628619
      -4.200     514.909880
      -4.100     515.177561
      -4.000     515.430992
      -3.900     515.665729
      -3.800     515.885390
      -3.700     516.089880
      -3.600     516.279177
      -3.500     516.453317
      -3.400     516.612385
      -3.300     516.756494
      -3.200     516.885771
      -3.100     517.000347
      -3.000     517.100338
      -2.900     517.187940
      -2.800     517.260857
      -2.700     517.318952
      -2.600     517.362067
      -2.500     517.390034
      -2.400     517.402672
      -2.300     517.399793
      -2.200     517.381202
      -2.100     517.346706
      -2.000     517.296109
      -1.900     517.229921
      -1.800     517.147257
      -1.700     517.047869
      -1.600     516.931518
      -1.500     516.797982
      -1.400     516.647066
      -1.300     516.478612
      -1.200     516.292502
      -1.100     516.088671
      -1.000     515.867111
      -0.900     515.625757
      -0.800     515.367066
      -0.700     515.091389
      -0.600     514.799118
      -0.500     514.490674
      -0.400     514.166499
      -0.300     513.827044
      -0.200     513.472763
      -0.100     513.104105
       0.000     512.721508