% Sample Name, Age calculated using EXPAGE with PR=13.38±1.31, Age calculated using the Balco online calculator with a production rate calibrated using CRONUS-A, Age in ICE-D, age in publication
sample	EXPAGEage	EXPAGEextunc	OECage	OECextunc	ICEDage	ICEDextunc	Pubage Pubunc Pubsource
14-TUG-033-CCR	4223	706	4172	668	5089	677	5100	710	Balco2023
14-TUG-034-CCR	5519	963	5447	906	6736	926	6740	1100	Balco2023
14-TUG-035-CCR	8185	1655	8063	1540	10574	1772	10600	2200	Balco2023
14-TUG-036-CCRa	11244	2768	11042	2542	15905	3795	12600	3000	Balco2023
14-TUG-036-CCRb	8109	1368	8001	1251	10490	1101	12600	3000	Balco2023
14-TUG-036-CCRc	9156	1671	9018	1522	12150	1462	12600	3000	Balco2023
14-TUG-037-CCR	10077	2271	9889	2088	13711	2745	13700	3600	Balco2023
14-TUG-038-CCRa	10781	2552	10563	2335	15012	3305	17400	6000	Balco2023
14-TUG-038-CCRb	12180	2768	11917	2475	17911	3338	17400	6000	Balco2023
14-TUG-038-CCRc	12885	3083	12590	2745	19625	4179	17400	6000	Balco2023
14-TUG-038-CCRd	9354	1724	9199	1565	12490	1518	17400	6000	Balco2023
14-TUG-010-SKB	6645	1015	6554	929	8239	742	8300	1400	Balco2023
14-TUG-011-SKB	7970	1333	7840	1213	10254	1061	10300	2100	Balco2023
14-TUG-039-SKB	16308	5101	15771	4398	38061	42611	60000	0	Balco2023
14-TUG-040-SKB	11921	2657	11723	2400	17609	3202	17700	6300	Balco2023
14-TUG-041-SKB	16202	5029	15705	4361	35961	33040	60000	0	Balco2023
14-AVG-001-RDFa	6359	1122	6260	1045	7815	1056	7277	801	Goehring2019
14-AVG-001-RDFb	5568	789	5489	723	6793	552	7277	801	Goehring2019
14-AVG-002-RDF	6836	1241	6703	1148	8426	1178	8411	1280	Goehring2019
14-AVG-003-RDF	7646	1452	7515	1345	9701	1449	9722	1454	Goehring2019
14-AVG-004-RDF-A	8703	1768	8513	1620	11326	1875	11433	1832	Goehring2019
14-AVG-004-RDF-B	8514	1705	8358	1572	11085	1798	11075	1737	Goehring2019
14-AVG-005-RDF	7591	1431	7454	1323	9591	1411	9630	1469	Goehring2019
14-BTN-001-MZS	6784	1044	6699	957	8439	766	8450	234	Goehring2019
14-BTN-002-MZS	6242	926	6148	847	7663	660	7655	205	Goehring2019
14-BTN-003-MZS	6534	995	6445	912	8077	732	8087	260	Goehring2019
14-TUG-013-SKF	10762	2198	10554	1980	14886	2174	14900	3400	Balco2023
14-TUG-014-SKF	11941	2662	11675	2379	17181	3006	17300	4700	Balco2023
14-TUG-019-SKF	13405	3364	13104	2997	20962	5130	21100	7800	Balco2023
14-TUG-020-SKF	10212	2003	10041	1814	13954	1895	14000	2900	Balco2023
14-TUG-021-SKF	12063	2738	11716	2418	17301	3152	17400	4700	Balco2023
14-TUG-022-SKF	13247	3284	12839	2878	20153	4609	20300	7000	Balco2023
14-TUG-023-SKF	24228	14664	22495	10865	60000	0	60000	0	Balco2023
14-TUG-024-SKF	7488	1210	7386	1107	9489	927	9500	1400	Balco2023
14-TUG-025-SKF	9236	1689	9065	1528	12189	1450	12200	2200	Balco2023
14-TUG-026-SKF	8261	1409	8123	1281	10651	1133	10700	1700	Balco2023
